[app/ui]
version = 8.0.6
modtime = 1660292718.878743600

[app/launcher]
version = 8.0.6
modtime = 1660292718.890736400
